-2.00 4.000000
-1.88 3.515625
-1.75 3.062500
-1.62 2.640625
-1.50 2.250000
-1.38 1.890625
-1.25 1.562500
-1.12 1.265625
-1.00 1.000000
-0.88 0.765625
-0.75 0.562500
-0.62 0.390625
-0.50 0.250000
-0.38 0.140625
-0.25 0.062500
-0.12 0.015625
0.00 0.000000
0.12 0.015625
0.25 0.062500
0.38 0.140625
0.50 0.250000
0.62 0.390625
0.75 0.562500
0.88 0.765625
1.00 1.000000
1.12 1.265625
1.25 1.562500
1.38 1.890625
1.50 2.250000
1.62 2.640625
1.75 3.062500
1.88 3.515625
2.00 4.000000
2.12 4.515625
2.25 5.062500
2.38 5.640625
2.50 6.250000
2.62 6.890625
2.75 7.562500
2.88 8.265625
3.00 9.000000
3.12 9.765625
3.25 10.562500
3.38 11.390625
3.50 12.250000
3.62 13.140625
3.75 14.062500
3.88 15.015625
4.00 16.000000
4.12 17.015625
4.25 18.062500
4.38 19.140625
4.50 20.250000
4.62 21.390625
4.75 22.562500
4.88 23.765625
5.00 25.000000
3.00
